Warning: Can't find object 'power' in design 'DLX'. (UID-95)
 
****************************************
Report : net
Design : DLX
Version: S-2021.06-SP4
Date   : Thu Oct 19 01:02:02 2023
****************************************


Operating Conditions: typical   Library: NangateOpenCellLibrary
Wire Load Model Mode: top

Design        Wire Load Model            Library
------------------------------------------------
DLX                    5K_hvratio_1_4    NangateOpenCellLibrary


Attributes:
   dr - drc disabled
    h - high fanout

Net
 Fanout    Fanin     Load      LoadUR    LoadUF    LoadLR    LoadLF    Resist    Pins      Attr
-----------------------------------------------------------------------------------------------
ALR2_SEL_i
      2         1        5.21      5.21      4.80      5.21      4.80      0.02       3    
ALU_OPCODE_i[0]
      8         1       18.08     18.08     17.20     18.08     17.20      0.11       9    
ALU_OPCODE_i[1]
     10         1       22.93     22.93     21.53     22.93     21.53      0.14      11    
ALU_OPCODE_i[2]
      9         1       20.91     20.91     20.26     20.91     20.26      0.12      10    
ALU_OPCODE_i[3]
      8         1       18.75     18.75     17.66     18.75     17.66      0.11       9    
ALU_OPCODE_i[4]
      8         1       18.75     18.70     18.21     18.70     18.21      0.11       9    
BLC[0]
      2         1        2.41      2.41      2.30      2.41      2.30      0.02       3    
BLC[1]
      2         1        2.41      2.41      2.30      2.41      2.30      0.02       3    
BMP_i
      3         1        6.33      6.33      5.94      6.33      5.94      0.03       4    
BPR_EN_i
      2         1        2.95      2.95      2.71      2.95      2.71      0.01       3    dr
CWB_SEL_i[0]
      2         1        5.15      5.15      4.80      5.15      4.80      0.02       3    
CWB_SEL_i[1]
      2         1        5.93      5.93      5.47      5.93      5.47      0.02       3    
Clk
   1154         1    1001884.88
                               1001884.88
                                         1001884.88
                                                   1001884.88
                                                             1001884.88
                                                                          17.81    1155    dr, h
DATA_ADDR[0]
      5         1        8.84      8.84      8.60      8.84      8.60      0.05       6    
DATA_ADDR[1]
      5         1        8.84      8.84      8.60      8.84      8.60      0.05       6    
DATA_ADDR[2]
      5         1        8.84      8.84      8.60      8.84      8.60      0.05       6    
DATA_ADDR[3]
      5         1        8.84      8.84      8.60      8.84      8.60      0.05       6    
DATA_ADDR[4]
      5         1        8.84      8.84      8.60      8.84      8.60      0.05       6    
DATA_ADDR[5]
      5         1        8.84      8.84      8.60      8.84      8.60      0.05       6    
DATA_ADDR[6]
      5         1        8.84      8.84      8.60      8.84      8.60      0.05       6    
DATA_ADDR[7]
      5         1        8.84      8.84      8.60      8.84      8.60      0.05       6    
DATA_ADDR[8]
      5         1        8.84      8.84      8.60      8.84      8.60      0.05       6    
DATA_ADDR[9]
      5         1        8.84      8.84      8.60      8.84      8.60      0.05       6    
DATA_ADDR[10]
      5         1        8.84      8.84      8.60      8.84      8.60      0.05       6    
DATA_ADDR[11]
      5         1        8.84      8.84      8.60      8.84      8.60      0.05       6    
DATA_ADDR[12]
      5         1        8.84      8.84      8.60      8.84      8.60      0.05       6    
DATA_ADDR[13]
      5         1        8.84      8.84      8.60      8.84      8.60      0.05       6    
DATA_ADDR[14]
      5         1        8.84      8.84      8.60      8.84      8.60      0.05       6    
DATA_ADDR[15]
      5         1        8.84      8.84      8.60      8.84      8.60      0.05       6    
DATA_ADDR[16]
      4         1        6.54      6.54      6.48      6.54      6.48      0.04       5    
DATA_ADDR[17]
      4         1        6.54      6.54      6.48      6.54      6.48      0.04       5    
DATA_ADDR[18]
      4         1        6.54      6.54      6.48      6.54      6.48      0.04       5    
DATA_ADDR[19]
      4         1        6.54      6.54      6.48      6.54      6.48      0.04       5    
DATA_ADDR[20]
      4         1        6.54      6.54      6.48      6.54      6.48      0.04       5    
DATA_ADDR[21]
      4         1        6.54      6.54      6.48      6.54      6.48      0.04       5    
DATA_ADDR[22]
      4         1        6.54      6.54      6.48      6.54      6.48      0.04       5    
DATA_ADDR[23]
      4         1        6.54      6.54      6.48      6.54      6.48      0.04       5    
DATA_ADDR[24]
      4         1        6.54      6.54      6.48      6.54      6.48      0.04       5    
DATA_ADDR[25]
      4         1        6.54      6.54      6.48      6.54      6.48      0.04       5    
DATA_ADDR[26]
      4         1        6.54      6.54      6.48      6.54      6.48      0.04       5    
DATA_ADDR[27]
      4         1        6.54      6.54      6.48      6.54      6.48      0.04       5    
DATA_ADDR[28]
      4         1        6.54      6.54      6.48      6.54      6.48      0.04       5    
DATA_ADDR[29]
      4         1        6.54      6.54      6.48      6.54      6.48      0.04       5    
DATA_ADDR[30]
      4         1        6.54      6.54      6.48      6.54      6.48      0.04       5    
DATA_ADDR[31]
      4         1        6.54      6.54      6.48      6.54      6.48      0.04       5    
DATA_IN[0]
      5         1       10.51     10.51      9.94     10.51      9.94      0.05       6    
DATA_IN[1]
      5         1       10.51     10.51      9.94     10.51      9.94      0.05       6    
DATA_IN[2]
      5         1       10.51     10.51      9.94     10.51      9.94      0.05       6    
DATA_IN[3]
      5         1       10.51     10.51      9.94     10.51      9.94      0.05       6    
DATA_IN[4]
      5         1       10.51     10.51      9.94     10.51      9.94      0.05       6    
DATA_IN[5]
      5         1       10.51     10.51      9.94     10.51      9.94      0.05       6    
DATA_IN[6]
      5         1       10.51     10.51      9.94     10.51      9.94      0.05       6    
DATA_IN[7]
      1         1        1.34      1.34      1.24      1.34      1.24      0.01       2    
DATA_IN[8]
      3         1        5.99      5.99      5.84      5.99      5.84      0.03       4    
DATA_IN[9]
      3         1        5.99      5.99      5.84      5.99      5.84      0.03       4    
DATA_IN[10]
      3         1        5.99      5.99      5.84      5.99      5.84      0.03       4    
DATA_IN[11]
      3         1        5.99      5.99      5.84      5.99      5.84      0.03       4    
DATA_IN[12]
      3         1        5.99      5.99      5.84      5.99      5.84      0.03       4    
DATA_IN[13]
      3         1        5.99      5.99      5.84      5.99      5.84      0.03       4    
DATA_IN[14]
      3         1        5.99      5.99      5.84      5.99      5.84      0.03       4    
DATA_IN[15]
      3         1        5.99      5.99      5.84      5.99      5.84      0.03       4    
DATA_IN[16]
      1         1        1.95      1.95      1.92      1.95      1.92      0.01       2    
DATA_IN[17]
      1         1        1.95      1.95      1.92      1.95      1.92      0.01       2    
DATA_IN[18]
      1         1        1.95      1.95      1.92      1.95      1.92      0.01       2    
DATA_IN[19]
      1         1        1.95      1.95      1.92      1.95      1.92      0.01       2    
DATA_IN[20]
      1         1        1.95      1.95      1.92      1.95      1.92      0.01       2    
DATA_IN[21]
      1         1        1.95      1.95      1.92      1.95      1.92      0.01       2    
DATA_IN[22]
      1         1        1.95      1.95      1.92      1.95      1.92      0.01       2    
DATA_IN[23]
      1         1        1.95      1.95      1.92      1.95      1.92      0.01       2    
DATA_IN[24]
      1         1        1.95      1.95      1.92      1.95      1.92      0.01       2    
DATA_IN[25]
      1         1        1.95      1.95      1.92      1.95      1.92      0.01       2    
DATA_IN[26]
      1         1        1.95      1.95      1.92      1.95      1.92      0.01       2    
DATA_IN[27]
      1         1        1.95      1.95      1.92      1.95      1.92      0.01       2    
DATA_IN[28]
      1         1        1.95      1.95      1.92      1.95      1.92      0.01       2    
DATA_IN[29]
      1         1        1.95      1.95      1.92      1.95      1.92      0.01       2    
DATA_IN[30]
      1         1        1.95      1.95      1.92      1.95      1.92      0.01       2    
DATA_IN[31]
      1         1        1.95      1.95      1.92      1.95      1.92      0.01       2    
DATA_OUT[0]
      1         1        0.36      0.36      0.36      0.36      0.36      0.01       2    
DATA_OUT[1]
      1         1        0.36      0.36      0.36      0.36      0.36      0.01       2    
DATA_OUT[2]
      1         1        0.36      0.36      0.36      0.36      0.36      0.01       2    
DATA_OUT[3]
      1         1        0.36      0.36      0.36      0.36      0.36      0.01       2    
DATA_OUT[4]
      1         1        0.36      0.36      0.36      0.36      0.36      0.01       2    
DATA_OUT[5]
      1         1        0.36      0.36      0.36      0.36      0.36      0.01       2    
DATA_OUT[6]
      1         1        0.36      0.36      0.36      0.36      0.36      0.01       2    
DATA_OUT[7]
      1         1        0.36      0.36      0.36      0.36      0.36      0.01       2    
DATA_OUT[8]
      1         1        0.36      0.36      0.36      0.36      0.36      0.01       2    
DATA_OUT[9]
      1         1        0.36      0.36      0.36      0.36      0.36      0.01       2    
DATA_OUT[10]
      1         1        0.36      0.36      0.36      0.36      0.36      0.01       2    
DATA_OUT[11]
      1         1        0.36      0.36      0.36      0.36      0.36      0.01       2    
DATA_OUT[12]
      1         1        0.36      0.36      0.36      0.36      0.36      0.01       2    
DATA_OUT[13]
      1         1        0.36      0.36      0.36      0.36      0.36      0.01       2    
DATA_OUT[14]
      1         1        0.36      0.36      0.36      0.36      0.36      0.01       2    
DATA_OUT[15]
      1         1        0.36      0.36      0.36      0.36      0.36      0.01       2    
DATA_OUT[16]
      1         1        0.36      0.36      0.36      0.36      0.36      0.01       2    
DATA_OUT[17]
      1         1        0.36      0.36      0.36      0.36      0.36      0.01       2    
DATA_OUT[18]
      1         1        0.36      0.36      0.36      0.36      0.36      0.01       2    
DATA_OUT[19]
      1         1        0.36      0.36      0.36      0.36      0.36      0.01       2    
DATA_OUT[20]
      1         1        0.36      0.36      0.36      0.36      0.36      0.01       2    
DATA_OUT[21]
      1         1        0.36      0.36      0.36      0.36      0.36      0.01       2    
DATA_OUT[22]
      1         1        0.36      0.36      0.36      0.36      0.36      0.01       2    
DATA_OUT[23]
      1         1        0.36      0.36      0.36      0.36      0.36      0.01       2    
DATA_OUT[24]
      1         1        0.36      0.36      0.36      0.36      0.36      0.01       2    
DATA_OUT[25]
      1         1        0.36      0.36      0.36      0.36      0.36      0.01       2    
DATA_OUT[26]
      1         1        0.36      0.36      0.36      0.36      0.36      0.01       2    
DATA_OUT[27]
      1         1        0.36      0.36      0.36      0.36      0.36      0.01       2    
DATA_OUT[28]
      1         1        0.36      0.36      0.36      0.36      0.36      0.01       2    
DATA_OUT[29]
      1         1        0.36      0.36      0.36      0.36      0.36      0.01       2    
DATA_OUT[30]
      1         1        0.36      0.36      0.36      0.36      0.36      0.01       2    
DATA_OUT[31]
      1         1        0.36      0.36      0.36      0.36      0.36      0.01       2    
ID_EN_i
      1         1        0.92      0.92      0.87      0.92      0.87      0.00       2    dr
IMM_SEL_i
     33         1       79.88     79.88     76.51     79.88     76.51      0.53      34    dr
IRAM_ADDR[0]
      3         1        4.64      4.64      4.33      4.64      4.33      0.03       4    
IRAM_ADDR[1]
      3         1        4.60      4.60      4.35      4.60      4.35      0.03       4    
IRAM_ADDR[2]
      3         1        3.89      3.89      3.68      3.89      3.68      0.03       4    
IRAM_ADDR[3]
      3         1        3.89      3.89      3.68      3.89      3.68      0.03       4    
IRAM_ADDR[4]
      3         1        3.89      3.89      3.68      3.89      3.68      0.03       4    
IRAM_ADDR[5]
      3         1        3.89      3.89      3.68      3.89      3.68      0.03       4    
IRAM_ADDR[6]
      3         1        3.89      3.89      3.68      3.89      3.68      0.03       4    
IRAM_ADDR[7]
      3         1        3.89      3.89      3.68      3.89      3.68      0.03       4    
IRAM_ADDR[8]
      3         1        3.89      3.89      3.68      3.89      3.68      0.03       4    
IRAM_ADDR[9]
      3         1        3.89      3.89      3.68      3.89      3.68      0.03       4    
IRAM_ADDR[10]
      3         1        3.89      3.89      3.68      3.89      3.68      0.03       4    
IRAM_ADDR[11]
      3         1        3.89      3.89      3.68      3.89      3.68      0.03       4    
IRAM_ADDR[12]
      3         1        3.89      3.89      3.68      3.89      3.68      0.03       4    
IRAM_ADDR[13]
      3         1        3.89      3.89      3.68      3.89      3.68      0.03       4    
IRAM_ADDR[14]
      3         1        3.89      3.89      3.68      3.89      3.68      0.03       4    
IRAM_ADDR[15]
      3         1        3.89      3.89      3.68      3.89      3.68      0.03       4    
IRAM_ADDR[16]
      3         1        3.89      3.89      3.68      3.89      3.68      0.03       4    
IRAM_ADDR[17]
      3         1        3.89      3.89      3.68      3.89      3.68      0.03       4    
IRAM_ADDR[18]
      3         1        3.89      3.89      3.68      3.89      3.68      0.03       4    
IRAM_ADDR[19]
      3         1        3.89      3.89      3.68      3.89      3.68      0.03       4    
IRAM_ADDR[20]
      3         1        3.89      3.89      3.68      3.89      3.68      0.03       4    
IRAM_ADDR[21]
      3         1        3.89      3.89      3.68      3.89      3.68      0.03       4    
IRAM_ADDR[22]
      3         1        3.89      3.89      3.68      3.89      3.68      0.03       4    
IRAM_ADDR[23]
      3         1        3.20      3.20      3.07      3.20      3.07      0.03       4    
IRAM_ADDR[24]
      3         1        3.89      3.89      3.68      3.89      3.68      0.03       4    
IRAM_ADDR[25]
      3         1        3.89      3.89      3.68      3.89      3.68      0.03       4    
IRAM_ADDR[26]
      3         1        3.89      3.89      3.68      3.89      3.68      0.03       4    
IRAM_ADDR[27]
      3         1        3.20      3.20      3.07      3.20      3.07      0.03       4    
IRAM_ADDR[28]
      3         1        3.89      3.89      3.68      3.89      3.68      0.03       4    
IRAM_ADDR[29]
      3         1        3.89      3.89      3.68      3.89      3.68      0.03       4    
IRAM_ADDR[30]
      3         1        3.89      3.89      3.68      3.89      3.68      0.03       4    
IRAM_ADDR[31]
      2         1        3.19      3.15      3.19      3.15      3.19      0.02       3    
IRAM_OUT[0]
      4         1        8.52      8.52      7.92      8.52      7.92      0.04       5    
IRAM_OUT[1]
      8         1       18.73     18.73     17.05     18.73     17.05      0.11       9    
IRAM_OUT[2]
      6         1       12.98     12.98     12.26     12.98     12.26      0.06       7    
IRAM_OUT[3]
      5         1       10.70     10.70     10.01     10.70     10.01      0.05       6    
IRAM_OUT[4]
      4         1        8.49      8.49      7.82      8.49      7.82      0.04       5    
IRAM_OUT[5]
      3         1        6.24      6.24      5.84      6.24      5.84      0.03       4    
IRAM_OUT[6]
      2         1        4.14      4.14      3.71      4.14      3.71      0.02       3    
IRAM_OUT[7]
      2         1        3.30      3.30      3.21      3.30      3.21      0.02       3    
IRAM_OUT[8]
      2         1        3.32      3.32      3.16      3.32      3.16      0.02       3    
IRAM_OUT[9]
      2         1        3.34      3.34      3.09      3.34      3.09      0.02       3    
IRAM_OUT[10]
      2         1        4.05      4.05      3.79      4.05      3.79      0.02       3    
IRAM_OUT[11]
      1         1        1.96      1.96      1.89      1.96      1.89      0.01       2    
IRAM_OUT[12]
      1         1        1.96      1.96      1.89      1.96      1.89      0.01       2    
IRAM_OUT[13]
      1         1        1.96      1.96      1.89      1.96      1.89      0.01       2    
IRAM_OUT[14]
      1         1        1.96      1.96      1.89      1.96      1.89      0.01       2    
IRAM_OUT[15]
      1         1        1.96      1.96      1.89      1.96      1.89      0.01       2    
IRAM_OUT[16]
      1         1        1.96      1.96      1.89      1.96      1.89      0.01       2    
IRAM_OUT[17]
      1         1        1.96      1.96      1.89      1.96      1.89      0.01       2    
IRAM_OUT[18]
      1         1        1.96      1.96      1.89      1.96      1.89      0.01       2    
IRAM_OUT[19]
      1         1        1.96      1.96      1.89      1.96      1.89      0.01       2    
IRAM_OUT[20]
      1         1        1.96      1.96      1.89      1.96      1.89      0.01       2    
IRAM_OUT[21]
      1         1        1.96      1.96      1.89      1.96      1.89      0.01       2    
IRAM_OUT[22]
      1         1        1.96      1.96      1.89      1.96      1.89      0.01       2    
IRAM_OUT[23]
      1         1        1.96      1.96      1.89      1.96      1.89      0.01       2    
IRAM_OUT[24]
      1         1        1.96      1.96      1.89      1.96      1.89      0.01       2    
IRAM_OUT[25]
      1         1        1.96      1.96      1.89      1.96      1.89      0.01       2    
IRAM_OUT[26]
      5         1        9.95      9.95      9.55      9.95      9.55      0.05       6    
IRAM_OUT[27]
      4         1        7.79      7.79      7.23      7.79      7.23      0.04       5    
IRAM_OUT[28]
      5         1       10.67     10.67     10.10     10.67     10.10      0.05       6    
IRAM_OUT[29]
      9         1       20.12     20.12     19.19     20.12     19.19      0.12      10    
IRAM_OUT[30]
      7         1       14.95     14.95     14.22     14.95     14.22      0.09       8    
IRAM_OUT[31]
      5         1       10.78     10.78      9.93     10.78      9.93      0.05       6    
LD_SEL_i[0]
      4         1        8.56      8.56      7.88      8.56      7.88      0.04       5    
LD_SEL_i[1]
      4         1        8.71      8.71      7.73      8.71      7.73      0.04       5    
LD_SEL_i[2]
      6         1       12.44     12.44     11.50     12.44     11.50      0.06       7    
MEM_DATA_SEL_i
      2         1        5.21      5.21      4.80      5.21      4.80      0.02       3    
MEM_EN_i
      2         1        4.11      4.11      3.85      4.11      3.85      0.02       3    
MEM_RD
      2         1        2.41      2.41      2.30      2.41      2.30      0.02       3    
MEM_WR
      2         1        2.41      2.41      2.30      2.41      2.30      0.02       3    
RF_MUX_SEL_i[0]
      5         1        9.98      9.98      9.37      9.98      9.37      0.05       6    
RF_MUX_SEL_i[1]
      4         1        8.50      8.50      8.00      8.50      8.00      0.04       5    
RF_RD_i
      1         1        0.92      0.92      0.87      0.92      0.87      0.00       2    dr
RF_WR_i
      2         1        3.37      3.37      3.19      3.37      3.19      0.02       3    
Rst
      2         1        3.46      3.46      3.21      3.46      3.21      0.02       3    
SIGND_i
      1         1        0.92      0.92      0.87      0.92      0.87      0.00       2    dr
STALL_CODE[0]
      2         1        4.01      4.01      3.90      4.01      3.90      0.02       3    
STALL_CODE[1]
      2         1        4.04      4.04      3.77      4.04      3.77      0.02       3    
UCB_EN_i
      1         1        1.63      1.63      1.54      1.63      1.54      0.00       2    dr
WB_SEL_i
      2         1        3.38      3.38      3.18      3.38      3.18      0.02       3    
n1
      3         1        4.43      4.43      4.08      4.43      4.08      0.02       4    dr
-----------------------------------------------------------------------------------------------
Total 193 nets
   1730       193    1002906.19
                               1002906.06
                                         1002863.88
                                                   1002906.06
                                                             1002863.88
                                                                          23.47    1923
Maximum
   1154         1    1001884.88
                               1001884.88
                                         1001884.88
                                                   1001884.88
                                                             1001884.88
                                                                          17.81    1155
Average
   8.96      1.00     5196.41   5196.40   5196.19   5196.40   5196.19      0.12    9.96
1
