Warning: Can't find object 'power' in design 'DLX'. (UID-95)
 
****************************************
Report : net
Design : DLX
Version: S-2021.06-SP4
Date   : Wed Oct 18 22:49:48 2023
****************************************


Operating Conditions: typical   Library: NangateOpenCellLibrary
Wire Load Model Mode: top

Design        Wire Load Model            Library
------------------------------------------------
DLX                    5K_hvratio_1_1    NangateOpenCellLibrary


Attributes:
   dr - drc disabled
    h - high fanout

Net
 Fanout    Fanin     Load      LoadUR    LoadUF    LoadLR    LoadLF    Resist    Pins      Attr
-----------------------------------------------------------------------------------------------
ALU_OPCODE_i[0]
      7         1       14.29     14.29     13.53     14.29     13.53      0.07       8    
ALU_OPCODE_i[1]
      9         1       18.85     18.85     17.87     18.85     17.87      0.09      10    
ALU_OPCODE_i[2]
      9         1       17.56     17.56     16.18     17.56     16.18      0.09      10    
ALU_OPCODE_i[3]
      8         1       14.54     14.54     13.63     14.54     13.63      0.08       9    
ALU_OPCODE_i[4]
      5         1       10.79     10.79     10.13     10.79     10.13      0.04       6    
BMP_i
      3         1        5.52      5.52      5.14      5.52      5.14      0.02       4    
BPR_EN_i
      2         1        3.62      3.62      3.16      3.62      3.16      0.01       3    dr
Clk
   1137         1    1001882.06
                               1001882.06
                                         1001882.06
                                                   1001882.06
                                                             1001882.06
                                                                          17.76    1138    dr, h
DATA_ADDR[0]
      5         1        8.66      8.66      7.98      8.66      7.98      0.04       6    
DATA_ADDR[1]
      5         1        8.66      8.66      7.98      8.66      7.98      0.04       6    
DATA_ADDR[2]
      5         1        8.66      8.66      7.98      8.66      7.98      0.04       6    
DATA_ADDR[3]
      5         1        8.66      8.66      7.98      8.66      7.98      0.04       6    
DATA_ADDR[4]
      5         1        8.66      8.66      7.98      8.66      7.98      0.04       6    
DATA_ADDR[5]
      5         1        8.66      8.66      7.98      8.66      7.98      0.04       6    
DATA_ADDR[6]
      5         1        8.66      8.66      7.98      8.66      7.98      0.04       6    
DATA_ADDR[7]
      5         1        8.66      8.66      7.98      8.66      7.98      0.04       6    
DATA_ADDR[8]
      5         1        8.66      8.66      7.98      8.66      7.98      0.04       6    
DATA_ADDR[9]
      5         1        8.66      8.66      7.98      8.66      7.98      0.04       6    
DATA_ADDR[10]
      5         1        8.66      8.66      7.98      8.66      7.98      0.04       6    
DATA_ADDR[11]
      5         1        8.66      8.66      7.98      8.66      7.98      0.04       6    
DATA_ADDR[12]
      5         1        8.66      8.66      7.98      8.66      7.98      0.04       6    
DATA_ADDR[13]
      5         1        8.66      8.66      7.98      8.66      7.98      0.04       6    
DATA_ADDR[14]
      5         1        8.66      8.66      7.98      8.66      7.98      0.04       6    
DATA_ADDR[15]
      5         1        8.66      8.66      7.98      8.66      7.98      0.04       6    
DATA_ADDR[16]
      4         1        6.60      6.60      5.95      6.60      5.95      0.03       5    
DATA_ADDR[17]
      4         1        6.60      6.60      5.95      6.60      5.95      0.03       5    
DATA_ADDR[18]
      4         1        6.60      6.60      5.95      6.60      5.95      0.03       5    
DATA_ADDR[19]
      4         1        6.60      6.60      5.95      6.60      5.95      0.03       5    
DATA_ADDR[20]
      4         1        6.60      6.60      5.95      6.60      5.95      0.03       5    
DATA_ADDR[21]
      4         1        6.60      6.60      5.95      6.60      5.95      0.03       5    
DATA_ADDR[22]
      4         1        6.60      6.60      5.95      6.60      5.95      0.03       5    
DATA_ADDR[23]
      4         1        6.60      6.60      5.95      6.60      5.95      0.03       5    
DATA_ADDR[24]
      4         1        6.60      6.60      5.95      6.60      5.95      0.03       5    
DATA_ADDR[25]
      4         1        6.60      6.60      5.95      6.60      5.95      0.03       5    
DATA_ADDR[26]
      4         1        6.60      6.60      5.95      6.60      5.95      0.03       5    
DATA_ADDR[27]
      4         1        6.60      6.60      5.95      6.60      5.95      0.03       5    
DATA_ADDR[28]
      4         1        6.60      6.60      5.95      6.60      5.95      0.03       5    
DATA_ADDR[29]
      4         1        6.60      6.60      5.95      6.60      5.95      0.03       5    
DATA_ADDR[30]
      4         1        6.60      6.60      5.95      6.60      5.95      0.03       5    
DATA_ADDR[31]
      4         1        6.60      6.60      5.95      6.60      5.95      0.03       5    
DATA_IN[0]
      5         1       10.15     10.15      9.58     10.15      9.58      0.04       6    
DATA_IN[1]
      5         1       10.15     10.15      9.58     10.15      9.58      0.04       6    
DATA_IN[2]
      5         1       10.15     10.15      9.58     10.15      9.58      0.04       6    
DATA_IN[3]
      5         1       10.15     10.15      9.58     10.15      9.58      0.04       6    
DATA_IN[4]
      5         1       10.15     10.15      9.58     10.15      9.58      0.04       6    
DATA_IN[5]
      5         1       10.15     10.15      9.58     10.15      9.58      0.04       6    
DATA_IN[6]
      5         1       10.15     10.15      9.58     10.15      9.58      0.04       6    
DATA_IN[7]
      1         1        1.28      1.28      1.18      1.28      1.18      0.01       2    
DATA_IN[8]
      3         1        6.05      6.05      5.61      6.05      5.61      0.02       4    
DATA_IN[9]
      3         1        6.05      6.05      5.61      6.05      5.61      0.02       4    
DATA_IN[10]
      3         1        6.05      6.05      5.61      6.05      5.61      0.02       4    
DATA_IN[11]
      3         1        6.05      6.05      5.61      6.05      5.61      0.02       4    
DATA_IN[12]
      3         1        6.05      6.05      5.61      6.05      5.61      0.02       4    
DATA_IN[13]
      3         1        6.05      6.05      5.61      6.05      5.61      0.02       4    
DATA_IN[14]
      3         1        6.05      6.05      5.61      6.05      5.61      0.02       4    
DATA_IN[15]
      3         1        6.05      6.05      5.61      6.05      5.61      0.02       4    
DATA_IN[16]
      1         1        1.95      1.95      1.71      1.95      1.71      0.01       2    
DATA_IN[17]
      1         1        1.95      1.95      1.71      1.95      1.71      0.01       2    
DATA_IN[18]
      1         1        1.95      1.95      1.71      1.95      1.71      0.01       2    
DATA_IN[19]
      1         1        1.95      1.95      1.71      1.95      1.71      0.01       2    
DATA_IN[20]
      1         1        1.95      1.95      1.71      1.95      1.71      0.01       2    
DATA_IN[21]
      1         1        1.95      1.95      1.71      1.95      1.71      0.01       2    
DATA_IN[22]
      1         1        1.95      1.95      1.71      1.95      1.71      0.01       2    
DATA_IN[23]
      1         1        1.95      1.95      1.71      1.95      1.71      0.01       2    
DATA_IN[24]
      1         1        1.95      1.95      1.71      1.95      1.71      0.01       2    
DATA_IN[25]
      1         1        1.95      1.95      1.71      1.95      1.71      0.01       2    
DATA_IN[26]
      1         1        1.95      1.95      1.71      1.95      1.71      0.01       2    
DATA_IN[27]
      1         1        1.95      1.95      1.71      1.95      1.71      0.01       2    
DATA_IN[28]
      1         1        1.95      1.95      1.71      1.95      1.71      0.01       2    
DATA_IN[29]
      1         1        1.95      1.95      1.71      1.95      1.71      0.01       2    
DATA_IN[30]
      1         1        1.95      1.95      1.71      1.95      1.71      0.01       2    
DATA_IN[31]
      1         1        1.95      1.95      1.71      1.95      1.71      0.01       2    
DATA_OUT[0]
      1         1        0.31      0.31      0.31      0.31      0.31      0.01       2    
DATA_OUT[1]
      1         1        0.31      0.31      0.31      0.31      0.31      0.01       2    
DATA_OUT[2]
      1         1        0.31      0.31      0.31      0.31      0.31      0.01       2    
DATA_OUT[3]
      1         1        0.31      0.31      0.31      0.31      0.31      0.01       2    
DATA_OUT[4]
      1         1        0.31      0.31      0.31      0.31      0.31      0.01       2    
DATA_OUT[5]
      1         1        0.31      0.31      0.31      0.31      0.31      0.01       2    
DATA_OUT[6]
      1         1        0.31      0.31      0.31      0.31      0.31      0.01       2    
DATA_OUT[7]
      1         1        0.31      0.31      0.31      0.31      0.31      0.01       2    
DATA_OUT[8]
      1         1        0.31      0.31      0.31      0.31      0.31      0.01       2    
DATA_OUT[9]
      1         1        0.31      0.31      0.31      0.31      0.31      0.01       2    
DATA_OUT[10]
      1         1        0.31      0.31      0.31      0.31      0.31      0.01       2    
DATA_OUT[11]
      1         1        0.31      0.31      0.31      0.31      0.31      0.01       2    
DATA_OUT[12]
      1         1        0.31      0.31      0.31      0.31      0.31      0.01       2    
DATA_OUT[13]
      1         1        0.31      0.31      0.31      0.31      0.31      0.01       2    
DATA_OUT[14]
      1         1        0.31      0.31      0.31      0.31      0.31      0.01       2    
DATA_OUT[15]
      1         1        0.31      0.31      0.31      0.31      0.31      0.01       2    
DATA_OUT[16]
      1         1        0.31      0.31      0.31      0.31      0.31      0.01       2    
DATA_OUT[17]
      1         1        0.31      0.31      0.31      0.31      0.31      0.01       2    
DATA_OUT[18]
      1         1        0.31      0.31      0.31      0.31      0.31      0.01       2    
DATA_OUT[19]
      1         1        0.31      0.31      0.31      0.31      0.31      0.01       2    
DATA_OUT[20]
      1         1        0.31      0.31      0.31      0.31      0.31      0.01       2    
DATA_OUT[21]
      1         1        0.31      0.31      0.31      0.31      0.31      0.01       2    
DATA_OUT[22]
      1         1        0.31      0.31      0.31      0.31      0.31      0.01       2    
DATA_OUT[23]
      1         1        0.31      0.31      0.31      0.31      0.31      0.01       2    
DATA_OUT[24]
      1         1        0.31      0.31      0.31      0.31      0.31      0.01       2    
DATA_OUT[25]
      1         1        0.31      0.31      0.31      0.31      0.31      0.01       2    
DATA_OUT[26]
      1         1        0.31      0.31      0.31      0.31      0.31      0.01       2    
DATA_OUT[27]
      1         1        0.31      0.31      0.31      0.31      0.31      0.01       2    
DATA_OUT[28]
      1         1        0.31      0.31      0.31      0.31      0.31      0.01       2    
DATA_OUT[29]
      1         1        0.31      0.31      0.31      0.31      0.31      0.01       2    
DATA_OUT[30]
      1         1        0.31      0.31      0.31      0.31      0.31      0.01       2    
DATA_OUT[31]
      1         1        0.31      0.31      0.31      0.31      0.31      0.01       2    
ID_EN_i
      1         1        0.92      0.92      0.87      0.92      0.87      0.00       2    dr
IMM_SEL_i
     33         1       77.02     77.02     73.65     77.02     73.65      0.47      34    dr
IRAM_ADDR[0]
      3         1        3.75      3.75      3.54      3.75      3.54      0.02       4    
IRAM_ADDR[1]
      3         1        3.75      3.75      3.54      3.75      3.54      0.02       4    
IRAM_ADDR[2]
      3         1        3.75      3.75      3.54      3.75      3.54      0.02       4    
IRAM_ADDR[3]
      3         1        3.75      3.75      3.54      3.75      3.54      0.02       4    
IRAM_ADDR[4]
      3         1        3.75      3.75      3.54      3.75      3.54      0.02       4    
IRAM_ADDR[5]
      3         1        3.75      3.75      3.54      3.75      3.54      0.02       4    
IRAM_ADDR[6]
      3         1        3.75      3.75      3.54      3.75      3.54      0.02       4    
IRAM_ADDR[7]
      3         1        3.75      3.75      3.54      3.75      3.54      0.02       4    
IRAM_ADDR[8]
      3         1        3.75      3.75      3.54      3.75      3.54      0.02       4    
IRAM_ADDR[9]
      3         1        3.75      3.75      3.54      3.75      3.54      0.02       4    
IRAM_ADDR[10]
      3         1        3.75      3.75      3.54      3.75      3.54      0.02       4    
IRAM_ADDR[11]
      3         1        3.75      3.75      3.54      3.75      3.54      0.02       4    
IRAM_ADDR[12]
      3         1        3.75      3.75      3.54      3.75      3.54      0.02       4    
IRAM_ADDR[13]
      3         1        3.75      3.75      3.54      3.75      3.54      0.02       4    
IRAM_ADDR[14]
      3         1        3.75      3.75      3.54      3.75      3.54      0.02       4    
IRAM_ADDR[15]
      3         1        3.75      3.75      3.54      3.75      3.54      0.02       4    
IRAM_ADDR[16]
      3         1        3.75      3.75      3.54      3.75      3.54      0.02       4    
IRAM_ADDR[17]
      3         1        3.75      3.75      3.54      3.75      3.54      0.02       4    
IRAM_ADDR[18]
      3         1        3.75      3.75      3.54      3.75      3.54      0.02       4    
IRAM_ADDR[19]
      3         1        3.75      3.75      3.54      3.75      3.54      0.02       4    
IRAM_ADDR[20]
      3         1        3.75      3.75      3.54      3.75      3.54      0.02       4    
IRAM_ADDR[21]
      3         1        3.75      3.75      3.54      3.75      3.54      0.02       4    
IRAM_ADDR[22]
      3         1        3.75      3.75      3.54      3.75      3.54      0.02       4    
IRAM_ADDR[23]
      3         1        3.06      3.06      2.94      3.06      2.94      0.02       4    
IRAM_ADDR[24]
      3         1        3.75      3.75      3.54      3.75      3.54      0.02       4    
IRAM_ADDR[25]
      3         1        3.75      3.75      3.54      3.75      3.54      0.02       4    
IRAM_ADDR[26]
      3         1        3.75      3.75      3.54      3.75      3.54      0.02       4    
IRAM_ADDR[27]
      3         1        3.06      3.06      2.94      3.06      2.94      0.02       4    
IRAM_ADDR[28]
      3         1        3.75      3.75      3.54      3.75      3.54      0.02       4    
IRAM_ADDR[29]
      3         1        3.75      3.75      3.54      3.75      3.54      0.02       4    
IRAM_ADDR[30]
      3         1        3.75      3.75      3.54      3.75      3.54      0.02       4    
IRAM_ADDR[31]
      2         1        3.11      3.06      3.11      3.06      3.11      0.01       3    
IRAM_OUT[0]
      3         1        6.18      6.18      5.72      6.18      5.72      0.02       4    
IRAM_OUT[1]
      8         1       16.31     16.31     15.44     16.31     15.44      0.08       9    
IRAM_OUT[2]
      5         1       10.50     10.50      9.57     10.50      9.57      0.04       6    
IRAM_OUT[3]
      5         1       10.31     10.31      9.63     10.31      9.63      0.04       6    
IRAM_OUT[4]
      4         1        7.52      7.52      6.89      7.52      6.89      0.03       5    
IRAM_OUT[5]
      4         1        7.47      7.47      7.09      7.47      7.09      0.03       5    
IRAM_OUT[6]
      2         1        3.24      3.24      2.98      3.24      2.98      0.01       3    
IRAM_OUT[7]
      2         1        3.21      3.21      3.12      3.21      3.12      0.01       3    
IRAM_OUT[8]
      2         1        3.22      3.22      3.08      3.22      3.08      0.01       3    
IRAM_OUT[9]
      2         1        3.97      3.97      3.67      3.97      3.67      0.01       3    
IRAM_OUT[10]
      2         1        3.24      3.24      3.06      3.24      3.06      0.01       3    
IRAM_OUT[11]
      1         1        1.91      1.91      1.84      1.91      1.84      0.01       2    
IRAM_OUT[12]
      1         1        1.91      1.91      1.84      1.91      1.84      0.01       2    
IRAM_OUT[13]
      1         1        1.91      1.91      1.84      1.91      1.84      0.01       2    
IRAM_OUT[14]
      1         1        1.91      1.91      1.84      1.91      1.84      0.01       2    
IRAM_OUT[15]
      1         1        1.91      1.91      1.84      1.91      1.84      0.01       2    
IRAM_OUT[16]
      1         1        1.91      1.91      1.84      1.91      1.84      0.01       2    
IRAM_OUT[17]
      1         1        1.91      1.91      1.84      1.91      1.84      0.01       2    
IRAM_OUT[18]
      1         1        1.91      1.91      1.84      1.91      1.84      0.01       2    
IRAM_OUT[19]
      1         1        1.91      1.91      1.84      1.91      1.84      0.01       2    
IRAM_OUT[20]
      1         1        1.91      1.91      1.84      1.91      1.84      0.01       2    
IRAM_OUT[21]
      1         1        1.91      1.91      1.84      1.91      1.84      0.01       2    
IRAM_OUT[22]
      1         1        1.91      1.91      1.84      1.91      1.84      0.01       2    
IRAM_OUT[23]
      1         1        1.91      1.91      1.84      1.91      1.84      0.01       2    
IRAM_OUT[24]
      1         1        1.91      1.91      1.84      1.91      1.84      0.01       2    
IRAM_OUT[25]
      1         1        1.91      1.91      1.84      1.91      1.84      0.01       2    
IRAM_OUT[26]
      5         1       10.20     10.20      9.67     10.20      9.67      0.04       6    
IRAM_OUT[27]
      5         1       10.25     10.25      9.83     10.25      9.83      0.04       6    
IRAM_OUT[28]
      4         1        8.44      8.44      7.46      8.44      7.46      0.03       5    
IRAM_OUT[29]
      4         1        8.21      8.21      7.74      8.21      7.74      0.03       5    
IRAM_OUT[30]
      8         1       17.07     17.07     16.02     17.07     16.02      0.08       9    
IRAM_OUT[31]
      4         1        8.20      8.20      7.75      8.20      7.75      0.03       5    
MEM_WR
     20         1       36.09     36.09     33.26     36.09     33.26      0.24      21    dr
RF_MUX_SEL_i[0]
      3         1        6.23      6.23      5.61      6.23      5.61      0.02       4    
RF_MUX_SEL_i[1]
      4         1        7.46      7.46      7.17      7.46      7.17      0.03       5    
RF_RD_i
      1         1        0.92      0.92      0.87      0.92      0.87      0.00       2    dr
RF_WR_i
      1         1        1.27      1.27      1.19      1.27      1.19      0.01       2    
Rst
      2         1        3.37      3.37      3.12      3.37      3.12      0.01       3    
SIGND_i
      1         1        0.92      0.92      0.87      0.92      0.87      0.00       2    dr
STALL_CODE[0]
      2         1        3.92      3.92      3.82      3.92      3.82      0.01       3    
STALL_CODE[1]
      3         1        6.01      6.01      5.66      6.01      5.66      0.02       4    
UCB_EN_i
      1         1        1.63      1.63      1.54      1.63      1.54      0.00       2    dr
WB_SEL_i
      1         1        1.28      1.28      1.18      1.28      1.18      0.01       2    
n1
     67         1      162.48    162.48    155.59    162.48    155.59      1.08      68    dr
-----------------------------------------------------------------------------------------------
Total 182 nets
   1751       182    1002968.19
                               1002968.12
                                         1002897.44
                                                   1002968.12
                                                             1002897.44
                                                                          23.48    1933
Maximum
   1137         1    1001882.06
                               1001882.06
                                         1001882.06
                                                   1001882.06
                                                             1001882.06
                                                                          17.76    1138
Average
   9.62      1.00     5510.81   5510.81   5510.43   5510.81   5510.43      0.13   10.62
1
